Run semi-empirical minimization
 &qmmm
  qm_theory="AM1", maxcyc=0, ndiis_attempts=700,  qmcharge=-9,
 /
   7    N3        5.6180      -24.1900       25.3610 
   6    C4        4.8370      -24.8600       24.4310 
   6    C5        3.4620      -25.0320       24.7940 
   6    C6        2.5360      -25.5940       23.8780 
   6    C9        5.2660      -25.3440       23.2190 
   6   C66        7.1390      -29.2590       34.7780 
   6    C2        6.9000      -23.7520       25.2390 
   6    C1        7.3600      -22.8600       26.3630 
   8   O34        7.6090      -23.9910       24.2790 
   6   C16        1.1820      -25.6520       24.3050 
   6   C17        0.8470      -25.2340       25.5590 
   6   C18        1.8590      -24.7530       26.4070 
   7   N19        3.1030      -24.6430       26.0300 
  16   S20       -0.1340      -26.1880       23.1910 
   8    O2       -0.1030      -25.1820       22.1200 
   8    O3        0.2500      -27.5380       22.7550 
   8    O5       -1.3610      -26.1580       23.9980 
   6    C3        1.5060      -24.3240       27.8020 
   8    O4        0.3480      -24.1200       28.1180 
   7    N5        2.5780      -24.1590       28.6070 
   6   C10        2.6190      -23.6290       29.8860 
   6   C11        3.9200      -23.5330       30.4810 
   6   C12        4.0850      -22.9100       31.7450 
   6   C13        2.9370      -22.4560       32.4320 
   6   C14        1.7040      -22.6220       31.8680 
   6   C15        1.5280      -23.1940       30.5960 
   6   C19        5.4150      -22.8070       32.2310 
   6   C20        6.4430      -23.3490       31.5150 
   6   C21        6.1540      -24.0070       30.3070 
   7   N22        4.9490      -24.0750       29.8080 
  16   S23        5.7880      -21.9790       33.7910 
   8    O6        5.0420      -22.7380       34.8040 
   8    O7        5.3080      -20.6020       33.5980 
   8    O8        7.2470      -22.0840       33.9350 
   6   C27        7.2700      -24.6570       29.5410 
   7   N28        6.8370      -25.5320       28.6090 
   8    O9        8.4340      -24.3890       29.7790 
   6   C30        7.5600      -26.1960       27.6310 
   6   C31        6.7740      -26.9690       26.7190 
   6   C32        7.3740      -27.5830       25.5930 
   6   C33        8.7780      -27.5000       25.4480 
   6   C34        9.5140      -26.8310       26.3850 
   6   C35        8.9220      -26.1630       27.4730 
   6   C36        6.4960      -28.2500       24.6990 
   6   C37        5.1640      -28.3350       24.9880 
   6   C38        4.6920      -27.7490       26.1740 
   7   N39        5.4630      -27.0760       26.9840 
  16   S40        7.1100      -28.9830       23.1680 
   8   O10        7.7210      -27.8590       22.4410 
   8   O11        5.9260      -29.5450       22.5030 
   8   O12        8.0780      -30.0000       23.6060 
   6   C45        3.2440      -27.8880       26.5510 
   7   N46        2.9950      -27.5490       27.8360 
   8   O13        2.4240      -28.3130       25.7600 
   6    C7        4.3470      -25.9490       22.3430 
   6    C8        3.0160      -26.0570       22.6320 
   6   C22        1.7850      -27.4690       28.5050 
   6   C23        1.8720      -27.0390       29.8690 
   6   C24        0.6990      -26.7760       30.6210 
   6   C25       -0.5530      -27.0760       30.0370 
   6   C26       -0.6020      -27.5810       28.7680 
   6   C28        0.5500      -27.7620       27.9800 
   6   C29        0.8930      -26.2430       31.9240 
   6   C39        2.1590      -26.1080       32.4200 
   6   C40        3.2430      -26.5030       31.6200 
   7   N41        3.1020      -26.9160       30.3910 
  16   S42       -0.4950      -25.7420       32.9620 
   8   O14       -1.1960      -26.9990       33.2650 
   8   O15        0.1200      -25.1090       34.1370 
   8   O16       -1.2780      -24.8110       32.1360 
   6   C47        4.6320      -26.4570       32.1830 
   8   O17        4.8750      -25.8670       33.2180 
   7   N49        5.5210      -27.1580       31.4480 
   6   C50        6.8880      -27.2760       31.6130 
   6   C51        7.5520      -28.0880       30.6370 
   6   C52        8.9660      -28.1880       30.6310 
   6   C53        9.6930      -27.5540       31.6660 
   6   C54        9.0250      -26.8490       32.6270 
   6   C55        7.6290      -26.6830       32.6060 
   6   C56        9.5390      -28.9400       29.5730 
   6   C57        8.7310      -29.5750       28.6750 
   6   C58        7.3380      -29.4740       28.8240 
   7   N59        6.7790      -28.7450       29.7540 
  16   S60       11.3270      -29.0580       29.3680 
   8   O18       11.8020      -29.7210       30.5920 
   8   O19       11.7760      -27.6620       29.2370 
   8   O20       11.5280      -29.8580       28.1520 
   6   C64        6.4530      -30.2390       27.8750 
   7   N66        5.1620      -30.3140       28.2630 
   6   C67        4.1260      -31.4350       26.3430 
   6   C68        4.0910      -30.8940       27.6040 
   6   C69        2.8600      -30.9080       28.3330 
   6   C70        1.6700      -31.3830       27.7260 
   6   C71        1.7440      -31.9080       26.4150 
   6   C72        2.9480      -31.9420       25.7690 
   6   C73        0.4900      -31.3050       28.5120 
   6   C74        0.5590      -30.8550       29.7990 
   6   C75        1.8080      -30.4760       30.3150 
   7   N76        2.8970      -30.4690       29.6000 
  16   S77       -1.1190      -31.7760       27.8480 
   8   O21       -0.9820      -33.2050       27.5300 
   8   O22       -1.3040      -30.9160       26.6680 
   8   O23       -2.0750      -31.5010       28.9310 
   6   C41        1.9130      -30.0510       31.7500 
   8   O24        0.9210      -29.8310       32.4210 
   7   N50        3.1900      -29.9330       32.1750 
   6   C59        3.6760      -29.4580       33.3800 
   6   C60        5.0790      -29.6530       33.5890 
   6   C61        5.7310      -29.0800       34.7100 
   6   C62        4.9490      -28.3810       35.6580 
   6   C63        3.6000      -28.2660       35.4670 
   6   C65        2.9490      -28.7870       34.3330 
   6   C77        7.7770      -30.0040       33.8270 
   6   C78        7.0170      -30.5790       32.7960 
   7   N79        5.7310      -30.3900       32.6780 
   8   O25        7.8610      -27.0770       35.9860 
   8   O26        9.5090      -28.8960       35.7940 
   8   O27        7.6000      -29.1300       37.3290 
   6   C84        7.6890      -31.4540       31.7750 
   8   O28        8.9030      -31.5320       31.7090 
   7   N86        6.8130      -32.0880       30.9710 
   6   C87        7.0400      -32.8520       29.8380 
   6   C88        5.8660      -33.4640       29.2900 
   6   C89        5.9360      -34.1480       28.0540 
   6   C90        7.1950      -34.2900       27.4260 
   6   C91        8.3090      -33.7510       28.0090 
   6   C92        8.2490      -33.0190       29.2080 
   6   C93        4.6990      -34.6300       27.5460 
   6   C94        3.5680      -34.5060       28.3000 
   6   C95        3.6220      -33.8710       29.5610 
   7   N96        4.7320      -33.3430       30.0050 
  16   S97        4.5970      -35.4000       25.9190 
   8   O29        5.1860      -34.4220       24.9900 
   8   O30        5.3850      -36.6380       26.0480 
   8   O31        3.1640      -35.6370       25.6860 
   6   C96        2.3720      -33.8130       30.4540 
   8   O32        2.4710      -33.1680       31.5100 
   8   O33        1.3890      -34.4520       30.0350 
   8    O1        6.9150      -30.7460       26.8710 
   1    H1        5.1120      -23.9240       26.1950 
   1    H2        6.3000      -25.2780       22.9280 
   1    H3        7.5050      -21.8520       25.9700 
   1    H4        6.6590      -22.7940       27.1920 
   1    H5        8.3220      -23.2040       26.7390 
   1    H6       -0.1740      -25.2770       25.9100 
   1    H7        3.4840      -24.3600       28.1980 
   1    H8        3.0200      -21.9980       33.4040 
   1    H9        0.8250      -22.2950       32.4070 
   1   H10        0.5320      -23.2880       30.1970 
   1   H11        7.4620      -23.2940       31.8670 
   1   H12        5.8340      -25.6620       28.5530 
   1   H13        9.2770      -27.9770       24.6200 
   1   H14       10.5900      -26.7970       26.2900 
   1   H15        9.5510      -25.6320       28.1670 
   1   H16        4.4780      -28.8440       24.3270 
   1   H17        3.8020      -27.2730       28.3880 
   1   H18        4.7170      -26.3310       21.4010 
   1   H19        2.3490      -26.5190       21.9220 
   1   H20       -1.4680      -26.9320       30.5890 
   1   H21       -1.5600      -27.8350       28.3350 
   1   H22        0.4470      -28.1420       26.9760 
   1   H23        2.3360      -25.7080       33.4070 
   1   H24        5.1510      -27.6240       30.6260 
   1   H25       10.7670      -27.6390       31.7150 
   1   H26        9.5810      -26.3880       33.4320 
   1   H27        7.1590      -26.0890       33.3740 
   1   H28        9.1430      -30.1580       27.8660 
   1   H29        4.9320      -29.8870       29.1520 
   1   H30        5.0430      -31.4730       25.7800 
   1   H31        0.8650      -32.2990       25.9260 
   1   H32        3.0070      -32.3730       24.7790 
   1   H33       -0.3210      -30.8050       30.4230 
   1   H34        3.9010      -30.2250       31.5140 
   1   H35        5.4030      -27.9440       36.5330 
   1   H36        3.0040      -27.7390       36.2000 
   1   H37        1.8910      -28.6220       34.2140 
   1   H38        8.8460      -30.1540       33.8580 
   1   H39        5.8290      -31.9770       31.1960 
   1   H40        7.2890      -34.8310       26.4970 
   1   H41        9.2710      -33.8680       27.5270 
   1   H42        9.1500      -32.5770       29.6030 
   1   H43        2.6190      -34.8720       27.9390 
  16   S80        8.1210      -28.5200       36.0970 

